# confusion matrix for Guassian model 2PC
X_train
[[32  5  0 15  0 16]
 [ 1 70  0  3  0  0]
 [ 0  0 73  0  0  0]
 [ 0  0  0 79  0  0]
 [ 0  0  0  0 80  0]
 [ 4  0  1  3  1 61]] 

X_test
[[12  2  0 15  0  2]
 [ 0 24  0  2  0  0]
 [ 0  0 23  0  0  0]
 [ 0  0  0 21  0  0]
 [ 0  0  0  0 16  0]
 [ 3  0  0  0  0 27]]

# confusion matrix for linear model 2PC
X_train
[[ 0  9  1  0  2 56]
 [ 0 73  0  0  0  1]
 [ 0  0 73  0  0  0]
 [ 0 57  8  0  5  9]
 [ 0  0  0  0 80  0]
 [ 0  0  2  0  1 67]]  

X_test
[[ 0  7  0  0  1 23]
 [ 0 25  0  0  0  1]
 [ 0  0 23  0  0  0]
 [ 0 13  1  0  3  4]
 [ 0  0  1  0 15  0]
 [ 0  0  0  0  0 30]]

weight
[[ -6.93693694e-01  -6.66666667e-01  -6.71171171e-01  -6.44144144e-01  -6.39639640e-01  -6.84684685e-01]
 [  1.21989055e-04   1.63478917e-04  -3.02887220e-04   4.91805547e-05  -2.45024379e-04   2.13263072e-04]
 [ -1.19418442e-04   3.66631648e-04  -4.78709329e-04   6.69212790e-05   4.95281490e-04  -3.30706646e-04]]

# confusion matrix for Guassian model 3PC
X_train
[[43  7  0 13  1  4]
 [ 1 69  0  3  0  1]
 [ 0  0 73  0  0  0]
 [ 0  4  0 70  1  4]
 [ 0  0  0  0 80  0]
 [18  0  0  0  1 51]] 

X_test
[[10  2  0 15  0  4]
 [ 0 24  0  2  0  0]
 [ 0  0 23  0  0  0]
 [ 0  0  0 20  0  1]
 [ 0  0  0  0 16  0]
 [ 7  0  0  0  0 23]]

# confusion matrix for linear model 3PC
X_train
[[ 4 19  0  0  2 43]
 [ 0 72  0  0  1  1]
 [ 0  0 73  0  0  0]
 [ 0 59  0  0 10 10]
 [ 0  0  0  0 80  0]
 [ 2  2  0  0  1 65]] 

X_test
[[ 1 13  0  0  1 16]
 [ 0 23  0  0  1  2]
 [ 0  0 23  0  0  0]
 [ 0 15  0  0  2  4]
 [ 0  0  0  0 16  0]
 [ 2  2  0  0  0 26]]

weight
[[ -6.93693694e-01  -6.66666667e-01  -6.71171171e-01  -6.44144144e-01  -6.39639640e-01  -6.84684685e-01]
 [  1.21989055e-04   1.63478917e-04  -3.02887220e-04   4.91805547e-05  -2.45024379e-04   2.13263072e-04]
 [ -1.19418442e-04   3.66631648e-04  -4.78709329e-04   6.69212790e-05   4.95281490e-04  -3.30706646e-04]
 [  1.76229148e-04   3.89216431e-04   4.38383099e-04   6.70384209e-05  -4.14891966e-04  -6.55975133e-04]]